-3	-1	0
-3	0	0
-3	1	0.075801749
-3	2	0.081395349
-3	3	0.19047619
-3	4	0.231884058
-3	5	0.247787611
-3	6	0.239669421
-3	7	0.236734694
-2	-1	0
-2	0	0.075801749
-2	1	0.185676393
-2	2	0.208955224
-2	3	0.241134752
-2	4	0.274678112
-2	5	0.274841438
-2	6	0.278586279
-2	7	0.282157676
-1	-1	0.143646409
-1	0	0.210796915
-1	1	0.241860465
-1	2	0.274678112
-1	3	0.289256198
-1	4	0.276363636
-1	5	0.250428816
-1	6	0.2375
-1	7	0.234741784
0	-1	0.219948849
0	0	0.267241379
0	1	0.299212598
0	2	0.274636511
0	3	0.24602026
0	4	0.215789474
0	5	0.177383592
0	6	0.161594963
0	7	0.153846154
1	-1	0
1	0	0.237113402
1	1	0.218246869
1	2	0.17679558
1	3	0.134275618
1	4	0.117408907
1	5	0.093357271
1	6	0.00205356
1	7	0.001832684
2	-1	0
2	0	0.186813187
2	1	0.146496815
2	2	0.128
2	3	0.111242604
2	4	0.104560623
2	5	0.109684947
2	6	0.001871852
2	7	0.001917106
3	-1	0
3	0	0.198391421
3	1	0.146534653
3	2	0.143884892
3	3	0.131621188
3	4	0.137254902
3	5	0.137254902
3	6	0.130841121
3	7	0.007318858
4	-1	0
4	0	0.20498615
4	1	0.18021978
4	2	0.159090909
4	3	0.144329897
4	4	0.138613861
4	5	0.142857143
4	6	0.147512864
4	7	0.152212389
5	-1	0
5	0	0.208
5	1	0.181818182
5	2	0.175
5	3	0.168674699
5	4	0.166344294
5	5	0.15896488
5	6	0.15896488
5	7	0.172344689
6	-1	0
6	0	0.222222222
6	1	0.191780822
6	2	0.18574514
6	3	0.176591376
6	4	0.176591376
6	5	0.176591376
6	6	0.192139738
6	7	0.192139738
7	-1	0
7	0	0.212121212
7	1	0.190687361
7	2	0.188183807
7	3	0.188183807
7	4	0.192139738
7	5	0.192139738
7	6	0.192139738
7	7	0.192139738
8	-1	0
8	0	0.204275534
8	1	0.201405152
8	2	0.205607477
8	3	0.205607477
8	4	0.205607477
8	5	0.205607477
8	6	0.205607477
8	7	0.205607477