-3	-1	0
-3	0	0
-3	1	0.108303249
-3	2	0.108303249
-3	3	0.174193548
-3	4	0.217207334
-3	5	0.244415243
-3	6	0.235602094
-3	7	0.236057069
-2	-1	0
-2	0	0.108303249
-2	1	0.163934426
-2	2	0.208333333
-2	3	0.25
-2	4	0.264935065
-2	5	0.267352185
-2	6	0.262886598
-2	7	0.278283485
-1	-1	0.146853147
-1	0	0.214390602
-1	1	0.257309942
-1	2	0.276041667
-1	3	0.280657396
-1	4	0.274698795
-1	5	0.227642276
-1	6	0.211895911
-1	7	0.204007286
0	-1	0.203957382
0	0	0.296703297
0	1	0.306532663
0	2	0.273542601
0	3	0.263565891
0	4	0.211764706
0	5	0.191864927
0	6	0.15245478
0	7	0.146766169
1	-1	0
1	0	0.191693291
1	1	0.219570406
1	2	0.194308145
1	3	0.167213115
1	4	0.14338507
1	5	0.114774115
1	6	0.001796318
1	7	0.001611324
2	-1	0
2	0	0.153284672
2	1	0.129398411
2	2	0.113793103
2	3	0.095371669
2	4	0.090969018
2	5	0.094603598
2	6	0.001596826
2	7	0.001622562
3	-1	0
3	0	0.166089965
3	1	0.153459119
3	2	0.147321429
3	3	0.127984718
3	4	0.12718894
3	5	0.126865672
3	6	0.131474104
3	7	0.007387863
4	-1	0
4	0	0.184931507
4	1	0.162310867
4	2	0.18287373
4	3	0.148232611
4	4	0.147321429
4	5	0.148394241
4	6	0.157832744
4	7	0.167290886
5	-1	0
5	0	0.204506066
5	1	0.181818182
5	2	0.17414248
5	3	0.173800259
5	4	0.196769457
5	5	0.167290886
5	6	0.168553459
5	7	0.180836707
6	-1	0
6	0	0.21686747
6	1	0.200298954
6	2	0.195050946
6	3	0.193362193
6	4	0.191702432
6	5	0.191702432
6	6	0.190070922
6	7	0.193362193
7	-1	0
7	0	0.217105263
7	1	0.205837174
7	2	0.203957382
7	3	0.220032841
7	4	0.202111614
7	5	0.200298954
7	6	0.19760479
7	7	0.19760479
8	-1	0
8	0	0.214983713
8	1	0.212903226
8	2	0.21086262
8	3	0.208860759
8	4	0.208860759
8	5	0.208860759
8	6	0.208860759
8	7	0.208860759