-3	-1	0
-3	0	0
-3	1	0.098920863
-3	2	0.100089366
-3	3	0.152969894
-3	4	0.19683908
-3	5	0.201037613
-3	6	0.200643087
-3	7	0.203324808
-2	-1	0
-2	0	0.097209721
-2	1	0.143908422
-2	2	0.174567344
-2	3	0.212796549
-2	4	0.227214377
-2	5	0.24207858
-2	6	0.242462312
-2	7	0.245768025
-1	-1	0.117748918
-1	0	0.175790285
-1	1	0.207754206
-1	2	0.242227979
-1	3	0.252915899
-1	4	0.246655032
-1	5	0.233726294
-1	6	0.211327939
-1	7	0.208253359
0	-1	0.158908507
0	0	0.255374593
0	1	0.270042194
0	2	0.25782881
0	3	0.239266763
0	4	0.209252054
0	5	0.162301734
0	6	0.146746348
0	7	0.134633533
1	-1	0
1	0	0.210950081
1	1	0.211692308
1	2	0.174205967
1	3	0.154530744
1	4	0.132248939
1	5	0.10272088
1	6	0.001844353
1	7	0.001764119
2	-1	0
2	0	0.142355009
2	1	0.129066107
2	2	0.108
2	3	0.101828612
2	4	0.097628051
2	5	0.091884641
2	6	0.001645972
2	7	0.001659104
3	-1	0
3	0	0.15918713
3	1	0.139451728
3	2	0.131181676
3	3	0.116063138
3	4	0.111211573
3	5	0.114231318
3	6	0.112634672
3	7	0.005966271
4	-1	0
4	0	0.176420696
4	1	0.147659855
4	2	0.133255406
4	3	0.124115406
4	4	0.121564482
4	5	0.128854626
4	6	0.139562389
4	7	0.150222788
5	-1	0
5	0	0.186598813
5	1	0.165932452
5	2	0.162889518
5	3	0.16005472
5	4	0.156810631
5	5	0.152553329
5	6	0.153141361
5	7	0.160714286
6	-1	0
6	0	0.190638298
6	1	0.171816127
6	2	0.170553936
6	3	0.166193182
6	4	0.165487977
6	5	0.163407821
6	6	0.166080225
6	7	0.171138506
7	-1	0
7	0	0.19470538
7	1	0.185126582
7	2	0.18338558
7	3	0.180834621
7	4	0.179741051
7	5	0.178923427
7	6	0.18030303
7	7	0.18030303
8	-1	0
8	0	0.190946502
8	1	0.186009539
8	2	0.183943882
8	3	0.183943882
8	4	0.184496124
8	5	0.184496124
8	6	0.185358255
8	7	0.185358255