-2	0.5	0.092423622
-2	0.8	0.146229537
-2	1.1	0.184706221
-2	1.4	0.189511165
-2	1.7	0.190319797
-2	2	0.202082214
-2	2.3	0.214673337
-2	2.6	0.222217887
-2	2.9	0.235310473
-2	3.2	0.239392617
-2	3.5	0.25505917
-1.7	0.5	0.183741155
-1.7	0.8	0.188551206
-1.7	1.1	0.189378238
-1.7	1.4	0.203368092
-1.7	1.7	0.214433918
-1.7	2	0.222217887
-1.7	2.3	0.237722373
-1.7	2.6	0.238735858
-1.7	2.9	0.253660994
-1.7	3.2	0.264697589
-1.7	3.5	0.281972899
-1.4	0.5	0.189378238
-1.4	0.8	0.205195419
-1.4	1.1	0.214424831
-1.4	1.4	0.225720929
-1.4	1.7	0.239232906
-1.4	2	0.238714716
-1.4	2.3	0.25368872
-1.4	2.6	0.266962469
-1.4	2.9	0.279707492
-1.4	3.2	0.284955674
-1.4	3.5	0.290066554
-1.1	0.5	0.216205456
-1.1	0.8	0.23008251
-1.1	1.1	0.243640261
-1.1	1.4	0.243750393
-1.1	1.7	0.263858369
-1.1	2	0.269150902
-1.1	2.3	0.283436414
-1.1	2.6	0.288059838
-1.1	2.9	0.296110746
-1.1	3.2	0.287963342
-1.1	3.5	0.283686133
-0.8	0.5	0.244592919
-0.8	0.8	0.246302311
-0.8	1.1	0.262326477
-0.8	1.4	0.276543164
-0.8	1.7	0.282802934
-0.8	2	0.293093389
-0.8	2.3	0.297377973
-0.8	2.6	0.286618293
-0.8	2.9	0.281687421
-0.8	3.2	0.27351326
-0.8	3.5	0.271343496
-0.5	0.5	0.266364119
-0.5	0.8	0.273697279
-0.5	1.1	0.282104517
-0.5	1.4	0.295176505
-0.5	1.7	0.293067743
-0.5	2	0.287198979
-0.5	2.3	0.282409716
-0.5	2.6	0.276722547
-0.5	2.9	0.277482736
-0.5	3.2	0.271108414
-0.5	3.5	0.267720825
-0.2	0.5	0.287225807
-0.2	0.8	0.297235649
-0.2	1.1	0.291272644
-0.2	1.4	0.293305029
-0.2	1.7	0.284518624
-0.2	2	0.279934491
-0.2	2.3	0.270427508
-0.2	2.6	0.265509189
-0.2	2.9	0.259038489
-0.2	3.2	0.254826526
-0.2	3.5	0.245128646
0.1	0.5	0.287847347
0.1	0.8	0.285097437
0.1	1.1	0.283351521
0.1	1.4	0.279323248
0.1	1.7	0.270299024
0.1	2	0.266687014
0.1	2.3	0.259900013
0.1	2.6	0.247118203
0.1	2.9	0.247923684
0.1	3.2	0.242842047
0.1	3.5	0.228217437
0.4	0.5	0.27801658
0.4	0.8	0.279612675
0.4	1.1	0.26740466
0.4	1.4	0.264729891
0.4	1.7	0.259170294
0.4	2	0.254497201
0.4	2.3	0.23893376
0.4	2.6	0.224790832
0.4	2.9	0.219900175
0.4	3.2	0.211500001
0.4	3.5	0.206629274
0.7	0.5	0.270645512
0.7	0.8	0.271506617
0.7	1.1	0.264875767
0.7	1.4	0.240658515
0.7	1.7	0.217664521
0.7	2	0.21309194
0.7	2.3	0.204926247
0.7	2.6	0.191693177
0.7	2.9	0.186531064
0.7	3.2	0.177030005
0.7	3.5	0.170088088
1	0.5	0.247448453
1	0.8	0.223270041
1	1.1	0.212622283
1	1.4	0.197423093
1	1.7	0.186836143
1	2	0.173907036
1	2.3	0.165203926
1	2.6	0.158954909
1	2.9	0.146387175
1	3.2	0.135453114
1	3.5	0.131014283