-2	0.5	0.115105475
-2	0.8	0.152984921
-2	1.1	0.164778313
-2	1.4	0.191794609
-2	1.7	0.197539823
-2	2	0.209897259
-2	2.3	0.224698932
-2	2.6	0.234886554
-2	2.9	0.243851169
-2	3.2	0.262010415
-2	3.5	0.275590941
-1.7	0.5	0.163572358
-1.7	0.8	0.191760568
-1.7	1.1	0.198094131
-1.7	1.4	0.210974869
-1.7	1.7	0.222742913
-1.7	2	0.235409017
-1.7	2.3	0.244196542
-1.7	2.6	0.259014345
-1.7	2.9	0.273599038
-1.7	3.2	0.276415447
-1.7	3.5	0.274462295
-1.4	0.5	0.196440134
-1.4	0.8	0.211649063
-1.4	1.1	0.222610063
-1.4	1.4	0.234159384
-1.4	1.7	0.246304833
-1.4	2	0.260870346
-1.4	2.3	0.27350118
-1.4	2.6	0.277338457
-1.4	2.9	0.270689307
-1.4	3.2	0.274653421
-1.4	3.5	0.28591487
-1.1	0.5	0.221680087
-1.1	0.8	0.232329108
-1.1	1.1	0.248291752
-1.1	1.4	0.26083313
-1.1	1.7	0.277968658
-1.1	2	0.27786539
-1.1	2.3	0.274872078
-1.1	2.6	0.286348329
-1.1	2.9	0.292393866
-1.1	3.2	0.293635444
-1.1	3.5	0.29301642
-0.8	0.5	0.250936682
-0.8	0.8	0.263690341
-0.8	1.1	0.282432063
-0.8	1.4	0.280209523
-0.8	1.7	0.286262278
-0.8	2	0.291490468
-0.8	2.3	0.290847331
-0.8	2.6	0.29169042
-0.8	2.9	0.291213301
-0.8	3.2	0.288306166
-0.8	3.5	0.282612559
-0.5	0.5	0.278142561
-0.5	0.8	0.285904009
-0.5	1.1	0.290971112
-0.5	1.4	0.293735112
-0.5	1.7	0.293422522
-0.5	2	0.292458243
-0.5	2.3	0.29118065
-0.5	2.6	0.288133097
-0.5	2.9	0.285263558
-0.5	3.2	0.279256093
-0.5	3.5	0.272082891
-0.2	0.5	0.293446881
-0.2	0.8	0.296030809
-0.2	1.1	0.29831306
-0.2	1.4	0.301490268
-0.2	1.7	0.29684606
-0.2	2	0.29409309
-0.2	2.3	0.283962134
-0.2	2.6	0.272264551
-0.2	2.9	0.268423199
-0.2	3.2	0.262934605
-0.2	3.5	0.257762939
0.1	0.5	0.303563082
0.1	0.8	0.305965884
0.1	1.1	0.305734538
0.1	1.4	0.294046762
0.1	1.7	0.285657597
0.1	2	0.274348741
0.1	2.3	0.270970876
0.1	2.6	0.26011936
0.1	2.9	0.24518191
0.1	3.2	0.232518151
0.1	3.5	0.225053354
0.4	0.5	0.297309298
0.4	0.8	0.28841717
0.4	1.1	0.279803485
0.4	1.4	0.270152088
0.4	1.7	0.261200954
0.4	2	0.245737338
0.4	2.3	0.233566951
0.4	2.6	0.220063334
0.4	2.9	0.215213192
0.4	3.2	0.205100621
0.4	3.5	0.199679559
0.7	0.5	0.259653478
0.7	0.8	0.252544214
0.7	1.1	0.243647804
0.7	1.4	0.234909558
0.7	1.7	0.217850841
0.7	2	0.211806995
0.7	2.3	0.205412839
0.7	2.6	0.19614221
0.7	2.9	0.1917842
0.7	3.2	0.183728914
0.7	3.5	0.174817129
1	0.5	0.237712663
1	0.8	0.22653643
1	1.1	0.215524532
1	1.4	0.206520866
1	1.7	0.194939283
1	2	0.186826136
1	2.3	0.175872168
1	2.6	0.171590376
1	2.9	0.164657019
1	3.2	0.155532484
1	3.5	0.149039215