25669882
25669882
25669882
25669882
25669882
25669882
25669882
25669882
25669882
25813344
25707794
25707794
25707794
25707794
25700484
25700484
25700484
25700484
25700484
25700484
25732056
25761145
25761145
25761145
25761145
25583991
25583991
25583991
25583991
25583991
25583991
25583991
25583991
25583991
25583991
25583991
25583991
25583991
25583991
25583991
25583991
25583991
25583991
25583991
25583991
25583991
25583991
25583991
25583991
25583991
25583991
25583991
25583991
25583991
25583991
25583991
25583991
25583991
25583991
25583991
25583991
25583991
25583991
25583991
25583991
25583991
25583991
25583991
25583991
25583991
25583991
25583991
25583991
25583991
25583991
25583991
25583991
25583991
25583991
25583991
25583991
25583991
25583991
25583991
25583991
25583991
25583991
25583991
25583991
25583991
25583991
25583991
25583991
25583991
25583991
25583991
25583991
25583991
25583991
25583991
25583991
25583991
25583991
25583991
25583991
25583991
25583991
25583991
25583991
25583991
25583991
25583991
25583991
25583991
25583991
25583991
25747882
25747882
25747882
25747882
25747882
25747882
25566309
25566309
25566309
25566309
25566309
25566309
25566309
25566309
25566309
25566309
25566309
25566309
25566309
25566309
25326916
25326916
25326916
25326916
25326916
25326916
25326916
25326916
25326916
25326916
25326916
25339350
25634989
25634989
25634989
25399018
25399018
25399018
25399018
25699591
25699591
25387999
25387999
25387999
25447145
25588736
25588736
25588736
25588736
25658099
25658099
25658099
25658099
25658099
25658099
25658099
25658099
25658099
25658099
25561521
25561521
25561521
25561521
25561521
25561521
25561521
25561521
25561521
25561521
25561521
25561521
25561521
25561521
25561521
25561521
25561521
25561521
25561521
25561521
25561521
25561521
25561521
25561521
25561521
25561521
25561521
25561521
25561521
25618823
25618823
25618823
25618823
25618823
25618823
25618823
25618823
25618823
25618823
25618823
25618823
25618823
25618823
25618823
25593350
25593350
25593350
25593350
25763495
25569774
25569774
25757472
25757472
25757472
25757472
25757472
25757472
25757472
25757472
25757472
25757472
25757472
25757472
25702611
25702611
25702611
25702611
25702611
25702611
25702611
25702611
25702611
25702611
25702611
25702611
25702611
25702611
25702611
25702611
25697340
25697340
25262777
25262777
25262777
25681156
25681156
25681156
25681156
25681156
25262777
25262777
25262777
25758811
25758811
25540329
25643735
25643735
25643735
25643735
25602612
25602612
25602612
25602612
25602612
25602612
25602612
25602612
25602612
25602612
25602612
25602612
25602612
25602612
25602612
25602612
25602612
25602612
25602612
25602612
25602612
25602612
25602612
25602612
25759303
25759303
25759303
25462567
25462567
25462567
25462567
25462567
25462567
25462567
25462567
25462567
25462567
25462567
25462567
25462567
25462567
25764476
25764476
25560878
25560878
25560878
25560878
25560878
25759303
25759303
25475059
25475059
25754174
25754174
25754174
25754174
25754174
25475059
25754174
25754174
25680966
25680966
25680966
25680966
25680966
25680966
25266977
25266977
25266977
25266977
25521792
25521792
25521792
25521792
25521792
25521792
25521792
25521792
25521792
25521792
25768119
25768119
25768119
25627066
25627066
25627066
25627066
25627066
25627066
25609555
25609555
25680457
25680457
25680457
25680457
25614413
25614413
25428588
25428588
25428588
25428588
25428588
25428588
25452667
25452667
25452667
25452667
25452667
25452667
25452667
25452667
25452667
25452667
25452667
25452667