-3	-1	0
-3	0	0
-3	1	0.070588235
-3	2	0.070588235
-3	3	0.164835165
-3	4	0.212560386
-3	5	0.242424242
-3	6	0.233333333
-3	7	0.230452675
-2	-1	0
-2	0	0.070588235
-2	1	0.149584488
-2	2	0.18556701
-2	3	0.258373206
-2	4	0.286995516
-2	5	0.301724138
-2	6	0.28340081
-2	7	0.283261803
-1	-1	0.12034384
-1	0	0.182741117
-1	1	0.270531401
-1	2	0.306306306
-1	3	0.33995585
-1	4	0.347252747
-1	5	0.302803738
-1	6	0.268760908
-1	7	0.274647887
0	-1	0.194594595
0	0	0.322580645
0	1	0.353448276
0	2	0.352941176
0	3	0.298013245
0	4	0.289389068
0	5	0.219215156
0	6	0.190597205
0	7	0.164924506
1	-1	0
1	0	0.261306533
1	1	0.26640159
1	2	0.227347611
1	3	0.190352021
1	4	0.167053364
1	5	0.127659574
1	6	0.002020181
1	7	0.001817007
2	-1	0
2	0	0.207253886
2	1	0.179816514
2	2	0.144853875
2	3	0.135440181
2	4	0.126849894
2	5	0.113502935
2	6	0.001995764
2	7	0.002001071
3	-1	0
3	0	0.227027027
3	1	0.17677643
3	2	0.152923538
3	3	0.138297872
3	4	0.142857143
3	5	0.151685393
3	6	0.14673913
3	7	0.001786586
4	-1	0
4	0	0.264150943
4	1	0.215767635
4	2	0.246445498
4	3	0.187393526
4	4	0.187393526
4	5	0.191304348
4	6	0.213592233
4	7	0.114164905
5	-1	0
5	0	0.287323944
5	1	0.266343826
5	2	0.255220418
5	3	0.251716247
5	4	0.255220418
5	5	0.251716247
5	6	0.255707763
5	7	0.262910798
6	-1	0
6	0	0.291891892
6	1	0.274314214
6	2	0.27027027
6	3	0.27027027
6	4	0.274509804
6	5	0.274509804
6	6	0.278606965
6	7	0.278606965
7	-1	0
7	0	0.291777188
7	1	0.287206266
7	2	0.291666667
7	3	0.291666667
7	4	0.306010929
7	5	0.291666667
7	6	0.291666667
7	7	0.291666667
8	-1	0
8	0	0.287206266
8	1	0.291666667
8	2	0.291666667
8	3	0.291666667
8	4	0.291666667
8	5	0.291666667
8	6	0.291666667
8	7	0.291666667