-3	-1	0
-3	0	0
-3	1	0.071174377
-3	2	0.071174377
-3	3	0.165562914
-3	4	0.203840473
-3	5	0.222841226
-3	6	0.224113475
-3	7	0.226628895
-2	-1	0
-2	0	0.071942446
-2	1	0.16252073
-2	2	0.202177294
-2	3	0.222891566
-2	4	0.260115607
-2	5	0.245989305
-2	6	0.255874674
-2	7	0.247252747
-1	-1	0.125874126
-1	0	0.199376947
-1	1	0.232415902
-1	2	0.267625899
-1	3	0.267806268
-1	4	0.273572377
-1	5	0.269005848
-1	6	0.252252252
-1	7	0.250281849
0	-1	0.181818182
0	0	0.258426966
0	1	0.291834003
0	2	0.278903456
0	3	0.25772098
0	4	0.2268431
0	5	0.199667221
0	6	0.174639332
0	7	0.17027417
1	-1	0
1	0	0.238473768
1	1	0.22705314
1	2	0.19009901
1	3	0.170388751
1	4	0.154311649
1	5	0.120051086
1	6	0.001908909
1	7	0.001642797
2	-1	0
2	0	0.180555556
2	1	0.151412429
2	2	0.143626571
2	3	0.123997082
2	4	0.118302018
2	5	0.124260355
2	6	0.001795511
2	7	0.001844756
3	-1	0
3	0	0.18729097
3	1	0.185414091
3	2	0.164354322
3	3	0.144873001
3	4	0.146703807
3	5	0.143255814
3	6	0.144981413
3	7	0.001589167
4	-1	0
4	0	0.243567753
4	1	0.194736842
4	2	0.173515982
4	3	0.161358811
4	4	0.164354322
4	5	0.164502165
4	6	0.174405436
4	7	0.101869761
5	-1	0
5	0	0.241610738
5	1	0.215827338
5	2	0.214689266
5	3	0.208389716
5	4	0.200260078
5	5	0.199488491
5	6	0.210810811
5	7	0.21971831
6	-1	0
6	0	0.250417362
6	1	0.239502333
6	2	0.230884558
6	3	0.233532934
6	4	0.233532934
6	5	0.233532934
6	6	0.229411765
6	7	0.233532934
7	-1	0
7	0	0.250825083
7	1	0.241758242
7	2	0.244514107
7	3	0.244514107
7	4	0.237804878
7	5	0.237804878
7	6	0.237804878
7	7	0.24
8	-1	0
8	0	0.2464
8	1	0.249201278
8	2	0.242236025
8	3	0.242236025
8	4	0.242236025
8	5	0.242236025
8	6	0.242236025
8	7	0.242236025